#timestamp(s) tx ty tz qx qy qz qw
1403636581.063555479 0.00750 0.01729 0.14292 0.81940 0.04005 0.57137 -0.02257
1403636581.163555384 0.00994 0.01844 0.20251 0.81109 0.03572 0.58331 -0.02459
1403636581.263555527 0.00980 0.01800 0.24984 0.80119 0.03118 0.59698 -0.02727
1403636581.363555431 0.00667 0.01769 0.27648 0.79353 0.03129 0.60712 -0.02709
1403636581.463555574 0.00447 0.01579 0.27102 0.79422 0.03365 0.60632 -0.02145
1403636581.563555479 0.00263 0.01374 0.23495 0.80110 0.03406 0.59726 -0.01897
1403636581.663555384 -0.00003 0.01151 0.17741 0.80795 0.03254 0.58793 -0.02224
1403636581.763555527 -0.00131 0.00730 0.11278 0.81104 0.03389 0.58351 -0.02406
1403636581.863555431 -0.00285 0.00284 0.04575 0.81342 0.03609 0.57987 -0.02830
